position:
  x: -0.22170734635594008
  y: -0.9368316860590135
  z: 0.0644545003428138
orientation:
  x: -0.7625363964329586
  y: 0.32438460646197065
  z: -0.007515677409989561
  w: 0.5596931175194305
