position:
  x: -0.45124006967223773
  y: -0.6266378404494637
  z: 0.11906823809135621
orientation:
  x: -0.7742754828459377
  y: 0.38438282168172233
  z: -0.23333308589872384
  w: 0.4453122433581479
