position:
  x: -0.5429493467326052
  y: 0.34265189999690016
  z: 0.02871715917111225
orientation:
  x: 0.3659631378527142
  y: -0.7105825935192247
  z: 0.4681118334102197
  w: -0.3768483394441469
