position:
  x: -0.55046602837056
  y: 0.3663617105230291
  z: -0.004943685768443641
orientation:
  x: -0.5175547218086604
  y: 0.5364627003251883
  z: -0.4976421960079356
  w: 0.44350549697356256
