position:
  x: -0.340461811536342
  y: -0.2909780690469041
  z: 0.04960256676487411
orientation:
  x: -0.7730305820277241
  y: 0.34301042473229004
  z: -0.1506591564234502
  w: 0.5119271299322068
