position:
  x: -0.7238436640675495
  y: -0.44776861382116373
  z: 0.07942869343132332
orientation:
  x: -0.710166595909848
  y: 0.43410646582536516
  z: -0.3062831366919406
  w: 0.46195846410751645
