position:
  x: -0.5174316064926463
  y: 0.3148630494367766
  z: 0.02853539115943788
orientation:
  x: 0.3751318958518191
  y: -0.6880741868231376
  z: 0.47753875473553564
  w: -0.39722375541743776
