position:
  x: -0.5241313544423656
  y: -0.6492749355407577
  z: 0.056666370488061266
orientation:
  x: -0.7104955226032854
  y: -0.029813189743561064
  z: -0.015339878291704395
  w: 0.7029025353574949
