position:
  x: -0.6216395226306426
  y: -0.6231437701841301
  z: 0.09180963333613046
orientation:
  x: 0.6989671812921447
  y: -0.49959285110906126
  z: 0.2797303664178519
  w: -0.4284889551680039
