position:
  x: -0.6771433310876265
  y: 0.6454866184699213
  z: -0.009834325051406339
orientation:
  x: 0.5466895547003737
  y: -0.6473661796785775
  z: 0.4956230942648818
  w: -0.1908017521438801
