position:
  x: -0.7186211377706504
  y: 0.6512797843090712
  z: -0.046971062190369194
orientation:
  x: -0.5671470697728591
  y: 0.6174739025092792
  z: -0.504988009468757
  w: 0.20507874404921608
