position:
  x: -0.09054283881392838
  y: 0.7418975842390925
  z: 0.05864109416988581
orientation:
  x: -0.2868834198425532
  y: 0.7941535885172948
  z: -0.5349311667799542
  w: -0.029438547382339968
