position:
  x: 0.07414097265504285
  y: -0.6232497990173828
  z: -0.14194022388367758
orientation:
  x: 0.031468665501013994
  y: -0.691479597199874
  z: -0.72168361913984
  w: -0.006200291372801078
