position:
  x: -0.7011481467359886
  y: -0.41507313056091233
  z: 0.0509484868662752
orientation:
  x: -0.7202449082236178
  y: 0.19721459858225598
  z: -0.0830976772630188
  w: 0.6598851796467955
